39.7
39.7
39.7
39.6
39.6
39.6
39.6
39.5
39.6
39.5
39.4
39.3
39.4
39.4
39.4
39.3
39.3
39.4
39.5
39.4
39.4
39.4
39.4
39.5
39.5
39.5
39.5
39.6
39.5
39.5
39.5
39.5
39.5
39.4
39.5
39.6
39.5
39.5
39.5
39.5
39.5
39.5
39.4
39.5
39.4
39.4
39.4
39.3
39.4
39.4
39.4
39.4
39.3
39.3
39.3
39.4
39.3
39.4
39.4
39.4
39.5
39.4
39.5
39.4
39.4
39.4
39.3
39.2
39.2
39.2
39.2
39.1
39.1
39.0
39.0
39.0
39.0
39.0
39.0
39.1
39.0
39.1
39.0
39.0
39.1
39.1
39.1
39.0
39.0
39.1
39.1
39.1
39.1
39.1
39.1
39.0
39.0
39.0
39.0
39.0
39.1
39.0
39.1
39.0
39.0
39.0
38.9
39.1
39.1
39.1
39.1
39.2
39.1
39.2
39.2
39.2
39.2
39.1
39.1
39.1
39.2
39.3
39.2
39.3
39.3
39.2
39.3
39.2
39.3
39.3
39.2
39.2
39.3
39.2
39.3
39.2
39.3
39.3
39.2
39.3
39.3
39.3
39.2
39.2
39.2
39.2
39.1
39.1
39.1
39.2
39.1
39.1
39.1
38.9
38.9
38.9
38.9
38.9
38.8
38.8
38.8
38.8
38.8
38.8
38.8
38.8
38.8
38.8
38.8
38.8
38.8
38.8
38.8
38.7
38.8
38.8
38.8
38.8
38.7
38.7
38.6
38.7
38.6
38.6
38.6
38.6
38.6
38.7
38.6
38.7
38.7
38.7
38.7
38.8
38.7
38.7
38.7
38.7
38.8
38.7
38.7
38.8
38.8
38.9
38.9
38.9
38.9
38.9
38.9
39.0
38.9
39.0
39.0
38.9
38.9
38.9
38.9
38.9
38.9
38.9
38.8
38.8
38.9
38.8
38.9
38.7
38.8
38.8
38.7
38.8
38.8
38.7
38.6
38.5
38.5
38.4
38.4
38.4
38.3
38.3
38.4
38.4
38.4
38.4
38.5
38.4
38.5
38.5
38.5
38.5
38.5
38.5
38.4
38.5
38.5
38.5
38.4
38.5
38.4
38.5
38.4
38.5
38.5
38.5
38.5
38.5
38.5
38.5
38.5
38.5
38.4
38.4
38.4
38.4
38.4
38.4
38.4
38.3
38.4
38.4
38.3
38.3
38.3
38.3
38.3
38.3
38.3
38.3
38.3
38.3
38.3
38.2
38.3
38.2
38.2
38.2
38.2
38.2
38.2
38.2
38.2
38.3
38.2
38.2
38.3
38.2
38.3
38.3
38.4
38.4
38.4
38.4
38.4
38.4
38.4
38.3
38.4
38.4
38.3
38.4
38.3
38.4
38.4
38.3
38.4
38.4
38.4
38.4
38.4
38.4
38.5
38.5
38.4
38.4
38.4
38.4
38.5
38.4
38.3
38.3
38.4
38.4
38.3
38.4
38.3
38.3
38.3
38.3
38.3
38.4
38.3
38.3
38.3
38.3
38.3
38.3
38.4
38.4
38.3
38.3
38.3
38.3
38.4
38.4
38.4
38.5
38.6
38.7
38.7
38.6
38.7
38.6
38.6
38.6
38.6
38.6
38.5
38.6
38.6
38.4
38.5
38.5
38.5
38.6
38.5
38.5
38.5
38.5
38.4
38.4
38.5
38.5
38.5
38.5
38.5
38.5
38.4
38.5
38.5
38.5
38.6
38.5
38.5
38.5
38.5
38.5
38.5
38.4
38.4
38.4
38.4
38.5
38.5
38.5
38.5
38.5
38.5
38.5
38.4
38.4
38.5
38.5
38.5
38.5
38.5
38.4
38.5
38.6
38.6
38.5
38.5
38.5
38.5
38.5
38.6
38.6
38.6
38.6
38.6
38.7
38.6
38.6
38.6
38.6
38.7
38.7
38.5
38.6
38.6
38.6
38.5
38.6
38.6
38.5
38.7
38.7
38.6
38.6
38.6
38.6
38.6
38.6
38.6
38.5
38.5
38.6
38.6
38.6
38.5
38.6
38.6
38.6
38.6
38.6
38.7
38.7
38.6
38.6
38.5
38.6
38.5
38.5
38.4
38.5
38.4
38.4
38.5
38.5
38.3
38.4
38.4
38.4
38.4
38.4
38.4
38.4
38.4
38.4
38.4
38.3
38.4
38.3
38.4
38.4
38.4
38.3
38.3
38.3
38.3
38.3
38.3
38.3
38.3
38.3
38.3
38.3
38.2
38.2
38.2
38.3
38.2
38.2
38.2
38.2
38.1
38.2
38.1
38.1
38.1
38.1
38.2
38.2
38.2
38.1
38.2
38.2
38.2
38.2
38.2
38.2
38.2
38.3
38.2
38.3
38.2
38.3
38.3
38.3
38.3
38.3
38.4
38.3
38.3
38.3
38.3
38.4
38.4
38.4
38.3
38.4
38.4
38.4
38.4
38.5
38.4
38.4
38.4
38.4
38.5
38.4
38.4
38.4
38.4
38.4
38.4
38.5
38.5
38.5
38.4
38.5
38.5
38.5
38.4
38.5
38.5
38.5
38.5
38.6
38.6
38.8
38.8
38.9
39.0
39.1
39.1
39.1
39.2
39.2
39.3
39.3
39.4
39.3
39.3
39.3
39.4
39.4
39.4
39.4
39.5
39.5
39.6
39.6
39.7
39.7
39.7
39.7
39.8
39.8
39.9
39.9
39.9
39.9
40.0
40.0
39.9
40.0
40.1
40.0
40.1
40.0
40.0
40.0
40.0
40.0
