41.1
41.1
41.0
41.0
41.0
41.0
40.9
41.0
41.0
41.1
40.9
41.0
41.0
41.0
41.0
41.0
40.9
41.0
40.9
40.8
40.9
40.9
41.0
40.9
40.9
40.9
40.9
40.8
40.8
40.8
40.8
40.8
40.8
40.8
40.8
40.8
40.9
40.9
40.9
40.9
41.8
42.1
42.6
42.7
42.8
42.9
42.1
42.0
41.8
41.8
41.8
41.6
41.6
41.6
41.5
41.4
41.4
41.4
41.3
41.3
41.3
41.2
41.3
41.3
41.3
41.3
41.2
41.2
41.3
41.3
41.3
41.3
41.3
41.3
41.3
41.3
41.3
41.2
41.3
41.2
41.3
41.3
41.3
41.2
41.3
41.3
41.3
41.3
41.3
41.3
41.2
41.3
41.3
41.3
41.2
41.3
41.2
41.2
41.3
41.2
41.2
41.2
41.2
41.3
41.2
41.2
41.2
41.1
41.2
41.1
41.1
41.1
41.1
41.2
41.1
41.2
41.2
41.2
41.2
41.2
41.3
41.2
41.3
41.2
41.2
41.2
41.3
41.3
41.3
41.3
41.3
41.3
41.3
41.4
41.3
41.3
41.2
41.3
41.3
41.2
41.2
41.2
41.2
41.2
41.2
41.2
41.2
41.2
41.2
41.1
41.2
41.1
41.0
41.1
41.1
41.1
41.0
41.0
41.1
41.1
41.0
40.9
40.9
40.9
40.9
40.9
40.8
40.9
40.8
40.9
40.8
40.8
40.8
40.8
40.7
40.8
40.8
40.7
40.7
40.7
40.7
40.7
40.7
40.7
40.7
40.6
40.6
40.6
40.6
40.6
40.7
40.6
40.7
40.6
40.6
40.7
40.6
40.6
40.6
40.6
40.6
40.6
40.6
40.6
40.6
40.5
40.5
40.6
40.6
40.5
40.6
40.6
40.6
40.6
40.6
40.6
40.6
40.6
40.5
40.5
40.5
40.5
40.5
40.5
40.6
40.5
40.6
40.5
40.6
40.6
40.5
40.6
40.6
40.6
40.6
40.6
40.6
40.6
40.6
40.6
40.6
40.7
40.6
40.7
40.6
40.7
40.7
40.7
40.7
40.7
40.7
40.8
40.8
40.7
40.7
40.7
40.7
40.7
40.7
40.6
40.6
40.6
40.7
40.8
40.9
41.0
41.2
41.1
41.2
41.2
41.2
41.2
41.1
41.2
41.2
41.2
41.2
41.2
41.2
41.2
41.1
41.2
41.2
41.2
41.1
41.3
41.2
41.2
41.2
41.3
41.2
41.3
41.1
41.2
41.2
41.3
41.3
41.2
41.1
41.2
41.3
41.3
41.3
41.3
41.4
41.4
41.4
41.4
41.5
41.4
41.5
41.5
41.5
41.5
41.5
41.5
41.6
41.5
41.5
41.5
41.6
41.6
41.6
41.5
41.5
41.7
41.6
41.7
41.7
41.8
41.8
41.8
41.8
41.8
41.9
41.9
41.9
41.9
41.8
41.9
41.9
41.9
41.8
41.8
41.8
41.9
41.7
41.8
41.8
41.8
41.8
41.8
41.8
41.8
41.8
41.8
41.8
41.8
41.8
41.9
41.9
41.9
41.9
41.9
41.9
42.0
41.9
42.0
41.9
42.0
42.0
42.0
42.0
42.0
41.9
42.0
42.0
42.1
42.1
42.0
42.1
42.0
42.1
42.1
42.1
42.2
42.1
42.2
42.2
42.1
42.2
42.2
42.2
42.2
42.2
42.1
42.1
42.1
42.1
42.0
42.1
42.1
42.0
42.0
42.0
42.1
42.1
42.0
42.0
42.0
42.0
42.1
42.1
42.0
42.1
42.0
42.0
42.0
42.0
42.1
42.0
42.1
42.1
42.0
42.0
42.1
42.1
42.0
42.0
42.0
42.1
42.0
42.0
42.0
42.0
42.0
42.0
42.0
42.0
42.0
42.0
42.0
41.9
42.0
42.0
42.0
41.9
41.9
41.9
41.9
41.9
41.9
41.9
41.9
41.8
41.9
41.9
41.9
41.9
41.9
41.9
41.9
41.9
41.9
41.9
41.9
41.9
41.9
41.9
41.9
41.9
41.9
41.9
41.9
41.9
41.9
41.9
41.9
41.8
41.9
41.9
41.8
41.8
41.8
41.8
41.7
41.7
41.8
41.7
41.7
41.7
41.7
41.7
41.7
41.7
41.6
41.7
41.6
41.6
41.6
41.7
41.7
41.6
41.6
41.6
41.5
41.6
41.6
41.6
41.6
41.6
41.5
41.5
41.5
41.5
41.5
41.5
41.5
41.4
41.4
41.5
41.4
41.4
41.4
41.5
41.4
41.4
41.4
41.3
41.4
41.4
41.4
41.4
41.4
41.3
41.4
41.3
41.3
41.3
41.3
41.3
41.3
41.3
41.3
41.3
41.3
41.3
41.3
41.2
41.3
41.3
41.3
41.3
41.2
41.3
41.2
41.2
41.2
41.2
41.2
41.2
41.2
41.2
41.2
41.2
41.2
41.1
41.1
41.1
41.1
41.1
41.2
41.1
41.2
41.1
41.1
41.2
41.2
41.2
41.2
41.2
41.2
41.2
41.2
41.3
41.3
41.2
41.3
41.3
41.3
41.3
41.3
41.3
41.3
41.3
41.3
41.3
41.3
41.4
41.3
41.4
41.4
41.3
41.4
41.4
41.4
41.4
41.4
41.5
41.3
41.4
41.4
41.3
41.3
41.3
41.3
41.2
41.2
41.2
41.1
41.2
41.2
41.2
41.2
41.1
41.2
41.1
41.0
41.0
40.9
40.9
40.8
40.8
40.9
40.9
40.8
40.8
