26.4
26.5
26.6
26.6
26.6
26.6
26.6
26.6
26.6
26.6
26.7
26.6
26.6
26.6
26.7
26.6
26.6
26.6
26.6
26.6
26.6
26.7
26.6
26.6
26.6
26.5
26.6
26.6
26.6
26.7
26.7
26.7
26.6
26.6
26.7
26.6
26.6
26.5
26.5
26.5
26.5
26.4
26.5
26.5
26.5
26.4
26.4
26.4
26.5
26.4
26.4
26.4
26.4
26.4
26.4
26.5
26.5
26.5
26.5
26.5
26.5
26.6
26.6
26.7
26.7
26.8
26.8
26.8
26.8
26.8
26.8
26.8
26.8
26.8
26.7
26.8
26.8
26.8
26.8
26.8
26.8
26.7
26.7
26.7
26.8
26.7
26.7
26.7
26.7
26.7
26.8
26.8
26.7
26.8
26.8
26.8
26.9
26.8
26.8
26.9
26.9
26.9
26.9
26.9
26.9
26.9
26.9
26.9
26.9
26.8
26.9
26.8
26.8
26.8
26.8
26.8
26.9
26.8
26.9
26.9
26.9
27.0
26.9
26.9
26.9
26.9
26.9
26.9
27.0
27.0
27.0
26.9
27.0
26.9
27.0
26.9
26.9
26.8
26.8
26.8
26.8
26.6
26.6
26.7
26.7
26.7
26.6
26.6
26.6
26.5
26.6
26.5
26.6
26.5
26.5
26.5
26.5
26.4
26.4
26.4
26.5
26.4
26.3
26.3
26.2
26.3
26.2
26.2
26.2
26.1
26.2
26.1
26.1
26.1
26.0
26.1
26.0
26.0
26.1
26.1
26.1
26.2
26.3
26.2
26.4
26.3
26.3
26.3
26.3
26.3
26.3
26.2
26.3
26.2
26.3
26.3
26.2
26.2
26.2
26.2
26.2
26.1
26.1
26.1
26.1
26.0
25.9
26.1
26.0
26.0
26.1
26.0
26.0
26.0
26.0
26.0
26.0
26.0
26.1
26.1
26.0
26.1
26.1
26.1
26.1
26.1
26.1
26.1
26.2
26.1
26.2
26.1
26.2
26.3
26.3
26.3
26.5
26.4
26.4
26.3
26.4
26.4
26.2
26.2
26.2
26.2
26.2
26.2
26.1
26.1
26.2
26.2
26.1
26.0
26.1
26.1
26.1
26.0
26.0
26.2
26.2
26.3
26.4
26.3
26.3
26.4
26.4
26.4
26.3
26.3
26.3
26.2
26.2
26.2
26.2
26.2
26.1
26.1
26.0
26.0
26.0
26.0
26.0
25.9
25.9
25.9
25.9
25.8
25.8
25.8
25.8
25.7
25.8
25.8
25.7
25.8
25.8
25.9
25.8
25.8
25.9
25.8
25.8
25.8
25.9
25.9
25.9
25.9
25.8
25.9
25.9
25.8
25.8
25.8
25.8
25.8
25.7
25.7
25.8
25.7
25.7
25.6
25.7
25.6
25.7
25.7
25.7
25.8
25.7
25.6
25.7
25.7
25.7
25.8
25.8
25.8
25.8
25.8
25.7
25.7
25.8
25.9
25.9
25.8
25.9
25.8
25.9
26.0
25.9
26.0
26.0
26.0
26.0
26.0
26.1
26.0
26.0
26.1
26.1
26.0
26.1
26.0
26.1
26.1
26.0
26.1
26.0
26.0
26.0
26.1
25.9
26.0
26.0
26.0
26.0
26.0
26.0
26.0
26.0
25.9
25.9
26.0
26.0
25.9
25.9
26.0
26.0
25.9
26.0
26.0
25.9
26.0
26.0
26.0
25.9
26.0
25.9
26.3
26.3
26.3
26.2
26.2
26.1
26.0
26.1
26.1
26.1
26.1
26.0
26.0
26.1
26.1
26.1
26.1
26.0
26.1
26.0
26.0
26.1
26.1
26.1
26.0
26.1
26.1
26.1
26.0
26.1
26.1
26.1
26.0
26.1
26.1
26.0
26.1
26.1
26.1
26.0
26.1
26.2
26.1
26.0
26.1
26.1
26.1
26.1
26.1
26.1
26.2
26.1
26.2
26.1
26.2
26.0
26.2
26.1
26.2
26.1
26.1
26.1
26.2
26.1
26.1
26.1
26.1
26.1
26.1
26.2
26.2
26.2
26.1
26.1
26.1
26.2
26.1
26.1
26.2
26.2
26.1
26.1
26.2
26.1
26.1
26.0
26.1
26.0
26.1
26.1
26.0
26.1
26.0
26.1
26.1
26.1
26.2
26.1
26.2
26.2
26.2
26.3
26.2
26.2
26.3
26.3
26.2
26.2
26.3
26.4
26.3
26.3
26.3
26.3
26.3
26.3
26.3
26.3
26.2
26.3
26.3
26.2
26.3
26.3
26.2
26.3
26.2
26.2
26.2
26.3
26.1
26.2
26.2
26.2
26.1
26.1
26.1
26.1
26.1
26.1
26.0
26.0
26.0
26.0
25.9
25.9
25.9
25.9
25.9
25.9
25.9
25.9
25.9
26.0
25.9
25.8
26.0
25.9
25.8
25.9
25.9
25.9
25.8
25.9
25.9
25.9
25.9
25.9
25.9
25.8
25.8
25.9
25.8
25.8
25.9
25.9
25.9
25.9
25.8
25.8
25.8
25.8
25.8
25.8
25.9
25.8
25.8
25.8
25.8
25.8
25.8
25.8
25.9
25.8
25.8
25.8
25.8
25.9
25.8
25.8
25.8
25.7
25.8
25.8
25.9
25.8
25.8
25.8
25.9
25.8
25.8
25.8
25.9
26.0
25.9
26.0
26.0
26.0
26.0
25.9
25.9
25.9
25.9
26.0
25.8
25.9
26.0
26.0
25.9
26.0
25.9
26.0
26.0
26.0
25.9
25.9
25.9
25.8
25.9
25.8
25.8
25.8
25.8
25.9
25.9
25.9
25.9
26.0
26.0
26.0
25.9
25.9
26.0
26.0
25.9
25.9
25.9
25.9
25.9
25.9
25.8
25.9
25.8
25.8
25.9
25.9
25.9
25.8
25.9
25.9
25.9
25.8
25.9
26.0
26.1
26.1
26.1
26.2
26.1
26.1
26.1
26.2
26.2
26.2
26.2
26.2
26.2
26.2
26.2
26.2
26.1
26.2
26.1
