711771
727151
235056
32079
665465
680841
698503
521130
733642
756932
775885
787809
808609
808609
218428
744724
790243
790243
173054
795914
819083
250169
254337
73837
679843
1015244
73119
632226
251789
670892
697479
709350
725815
536643
765301
776234
596011
915582
625415
749050
801041
780489
600292
817208
635709
680164
666983
687892
687892
1545436
134387
533174
415128
595337
802604
62354
234534
247794
869012
377602
597000
617168
638612
655170
673282
66910
711815
727355
741838
556978
654734
126112
1494708
490831
712248
755717
759111
65378
345460
362165
379617
70344
60543
53275
350603
60196
386991
58544
420871
151016
59052
378358
392014
54977
75045
186260
207615
378325
397209
58731
328467
347329
61661
382697
405163
519110
333640
201461
55447
55397
66416
60516
139626
53627
376997
396218
57359
78996
349611
365993
384358
301731
55527
332883
152466
368076
390768
405731
405731
405731
843015
346171
66248
373415
392685
25710
347779
363400
381909
52743
55856
55856
73241
62582
367698
55953
403574
1346764
337072
356565
372922
65833
209497
1164058
101221
400681
67418
333361
348216
365675
284938
225200
65118
77875
71632
62765
393840
312102
65310
81895
359534
377886
1602306
59530
432717
150078
363838
383329
60523
1357900
336667
351850
377072
388679
408174
427378
162379
377044
395983
411721
430831
193154
368125
385198
400168
418927
248918
68563
371135
391501
1533585
64596
341106
363323
374805
393588
410465
429990
344829
380907
382359
398175
415401
1360847
351128
366215
385184
404682
68209
1389161
10159
65090
69366
59600
65307
78060
364351
214372
196607
58452
63174
64931
60888
59211
101402
56093
52618
56388
372253
66190
68907
63259
56489
58719
376854
294130
420678
137562
137562
124428
184814
129828
406686
58511
50484
64716
371627
189049
55918
61029
340475
359712
378406
57321
56840
71246
346370
364406
382077
400909
417256
334229
269490
65693
386886
303491
321379
340203
359901
381134
395553
412585
65363
148009
362545
213306
235050
419048
139939
353182
368987
386497
402458
321550
90118
202096
61942
55101
306157
229666
341760
360828
63581
399016
411822
72014
347625
373469
217685
403261
70267
74103
106755
372586
400376
409044
71112
341267
162042
377990
395902
414733
329431
346467
364602
280944
208243
59282
233457
352792
371741
63782
407490
66800
340477
359172
379021
395787
432088
73533
73533
142179
369202
382429
239153
421343
334510
350367
199866
386704
405249
423863
338895
357674
378752
394925
410839
428745
85777
158261
380847
218756
235052
231431
156348
167729
60892
205247
62300
343567
362235
375510
392361
409494
74908
343565
169854
380259
396751
412945
77812
60491
61135
385187
54378
421395
336291
384810
376481
197312
58430
427075
445761
360864
378343
396122
414222
351754
348303
365556
382995
401331
59770
77473
381494
376997
393031
115343
66604
342036
102981
377301
394683
411628
76473
348196
364488
381322
401884
428224
335026
352128
368852
389602
409407
423975
339265
359305
375805
225729
97380
58960
84262
157836
381325
68347
417177
435890
156542
368045
385667
70114
70114
423291
338115
359954
71123
393489
74506
77128
344153
360414
380181
58610
210939
331931
90005
370059
390053
405032
421117
336845
69931
371692
390982
410849
427445
342412
367333
377913
399729
415666
436757
351012
364888
182117
407715
69672
69672
278804
96676
109634
389742
412492
75514
341670
362383
379373
397924
311075
430359
347384
364907
181872
400406
317775
80572
352061
216526
387098
69882
424165
340629
98989
378581
290033
414472
74636
346870
362999
382320
399992
417389
435549
353908
372123
190355
406326
62874
345852
355978
377372
391037
412342
65874
344137
195442
380419
201098
140417
75466
349462
370499
383978
402198
323743
337534
357591
173804
391168
411791
426998
157172
360463
379005
396891
58880
434068
355168
367439
191713
403278
81339
165558
354801
93189
390239
407326
232195
64996
59590
377596
295568
63089
69154
452742
170386
385658
405878
418891
336089
352354
60282
63631
409592
424084
344606
360839
375925
399635
411933
429324
346330
364358
388054
401989
62542
332782
350706
368901
388139
405512
426195
337390
1584395
478216
391115
430854
428304
344220
362065
379440
399454
416930
436835
349541
469206
383843
405628
424054
336739
62251
376027
391497
307551
532783
343802
364248
381840
398302
413607
434252
86680
366388
384169
303745
422336
338905
353521
373364
244183
239368
67565
146616
358599
378959
400789
312041
331953
450645
365614
387551
403616
418602
334394
353091
177240
390352
313610
429685
339530
359352
376291
396232
411289
430446
351203
361741
382042
402776
417245
333347
352023
177148
56679
404576
422532
340203
262663
374702
393238
410881
432721
345114
362074
200254
367777
414301
237623
348328
367973
385691
406552
421525
343762
353703
373300
394955
410286
428329
341122
361862
379505
396985
309522
331460
348431
213043
384267
407109
421158
335709
355181
371465
63957
408548
425890
341544
364781
375970
396578
414427
329021
348403
365632
384635
404444
420649
338136
365273
373110
388637
405147
425271
339295
363680
375430
111693
413117
438203
94997
362715
381494
399309
416728
335452
351342
369315
285177
406855
422875
338939
357995
374001
392855
409882
428237
344105
363866
380369
401352
415235
433405
353523
371544
383854
403231
403231
62558
336913
354311
373354
392635
73309
247217
200515
255577
178913
396521
311608
431855
109920
67699
383397
403111
419392
336198
104654
474715
393719
408642
424583
342505
290689
379685
394846
414948
476492
346961
367787
381506
400665
73357
135215
103000
382175
389616
410592
422199
245347
358071
381018
290502
412385
333049
356483
363437
385768
402457
419918
339465
352155
371499
389000
414806
414806
414806
1145039
338004
359569
373294
395376
409521
433948
149252
363163
383918
212464
414576
331470
350180
374106
1716651
102523
421911
440835
161739
161739
373830
394358
409021
430752
56702
363838
396202
399171
416422
438184
349480
365813
384386
405446
420711
336511
353744
374814
389728
408144
337380
444168
358661
376779
300587
413661
1982482
351155
166270
382957
402086
418703
335804
353264
371109
387403
406714
423829
340176
358539
376744
191689
413397
434207
348902
367269
280753
203182
420292
336594
351643
369332
388550
408097
231235
339369
357913
376160
392516
411661
65028
344024
361602
225958
398424
415345
433594
349434
371456
392075
304025
422813
160002
59796
375067
235756
408797
430801
342631
361390
379955
403417
414694
329977
249374
366822
385549
418008
420874
84010
355057
88125
197384
237008
237008
62419
342196
358897
199894
293931
312088
432563
164463
263163
57913
342057
419721
139818
352981
374104
402787
407878
429281
339245
358913
337568
395400
414712
431262
246886
367764
385480
407644
418803
341515
351877
373512
189174
302344
68254
342439
256010
179110
198447
414876
430293
344562
363180
503451
418121
230626
351957
369086
389728
203023
227803
340151
65547
378338
396382
434902
433150
344814
361957
383637
500260
414977
334987
144003
414396
396669
403641
421522
336425
354120
374039
389684
408160
428394
342359
361349
382179
399916
414020
337570
349320
366126
386906
406703
419828
334460
363102
371803
389917
412032
424975
341208
111320
377181
109688
333580
349287
364852
64997
400096
257502
233110
158115
176823
391212
409589
324066
342057
205772
373556
394849
426875
434510
345798
363799
380448
404750
418056
308468
353663
370131
390750
407263
423304
357328
58156
373768
397306
411876
458484
342891
363754
380322
398698
415422
433497
355289
264696
385052
403820
430026
234116
355358
372317
391668
409476
428489
82530
363399
379575
396798
414453
638142
85573
365328
389178
403752
422359
335834
354139
108093
390909
409531
427211
344257
360624
360624
229129
242318
67470
433887
165264
364854
383208
383208
383208
822226
316160
441602
355724
370495
389634
407606
435954
340176
356557
376338
403949
411774
431286
345706
69171
385420
400309
423984
143626
353972
370679
387370
450508
425020
340719
360487
375750
392776
65055
56506
345104
175862
53480
399777
412541
434739
352182
470493
387477
404675
422159
338923
160837
374428
394328
59513
59513
325948
343176
361936
378362
396537
57902
60979
72081
66702
102506
405944
338747
92479
61516
68573
199934
407613
426623
81150
360993
71800
394969
245101
433418
447891
365432
384120
401506
419364
335996
356351
378704
388622
409643
432384
337644
361623
65236
104082
410623
231788
346838
364431
384114
401559
418162
434735
184700
368218
386259
405258
424906
339310
357816
73380
391406
61390
427881
347907
369770
380455
401657
414142
331443
56589
368390
390685
409664
430866
339655
356956
375329
401243
414985
433770
85983
358920
379958
398919
245956
265414
451190
180774
384867
401588
318722
336991
56259
373689
393488
412643
424246
447124
360679
377045
195138
213774
332276
198113
366124
382724
410955
422445
340597
356575
111438
389992
411416
427325
342515
360525
179373
395885
413276
429118
149243
371042
384363
403038
419941
334683
351878
371479
390266
406467
423109
339495
359114
374468
396827
416510
325550
345320
363337
382067
398387
423650
78944
350552
367987
386494
404051
421556
338944
356008
376141
238085
213521
231341
162547
363143
382733
398621
311318
67216
60460
366139
382451
409736
422699
334207
354649
374058
197281
327383
426835
342551
181378
377617
394336
419518
434666
347058
366144
386929
403149
419355
335273
351678
370664
389145
405639
73995
339899
357035
377875
393360
316836
331575
345906
364147
382556
63212
418094
435804
355893
371011
390451
209032
423305
441114
355651
74836
391861
62154
431450
344116
366931
383043
401389
416735
232285
355470
265985
245883
214716
422282
139878
353687
63317
390165
59751
62355
344048
362653
381360
398815
414980
559582
368431
383600
402149
423301
345328
355145
372507
390959
410738
430458
342766
359956
422023
296663
411940
82115
347707
172570
384128
917870
66982
437570
354075
200087
390312
410299
422850
339288
57874
91084
106987
61579
58412
57169
79518
56592
401036
416743
336488
349945
109603
389877
58351
244637
71983
71983
66829
374030
291917
413583
131582
214831
259386
189150
396439
421501
333412
351763
369036
388328
409448
323228
1875069
259980
373393
62621
408415
431521
344304
360069
360069
195692
396443
65687
327837
349410
197755
386568
402028
23190
336994
355312
370960
390694
412928
425068
68589
359577
582052
410810
412656
433655
346495
365181
382089
206645
65959
332423
354361
268392
82124
52908
55549
441917
360841
377666
60452
415003
137797
349547
362742
380653
401674
418467
333812
353523
369729
393271
251206
222731
237952
181422
57346
291645
411978
327787
57856
363537
384303
399571
415188
332016
350319
369443
63095
407986
423092
1680489
356309
354725
392544
409221
426239
343297
362636
386447
401195
616753
330934
347292
368496
394851
401962
69021
137509
355472
370947
392729
409684
429053
342221
365318
173898
395737
415320
330722
346463
364787
382669
304096
417224
333594
352771
371025
388099
405416
424142
341566
357335
375189
393861
393861
393861
1235313
1867421
344840
365132
277938
199434
216346
166284
352654
369026
385676
411374
62581
339934
355295
379028
391697
415484
230809
344941
363734
349477
403681
415148
330528
348492
371681
386993
405611
56348
338561
355882
371811
391501
411376
429916
352820
1285276
376811
399374
112902
125299
349971
364548
383523
402224
420565
351219
356960
373304
391759
409409
427719
344581
360267
481732
395078
415332
429290
345960
364460
386189
403897
64993
229225
342325
359989
276099
395247
414238
328146
244684
178606
189421
67385
1688251
231254
353342
692971
388220
410279
259639
73592
