301120
302891
94535
184255
678188
355319
592872
165303
301026
95692
149432
156041
506166
454273
248618
92421
147428
307200
548380
198407
144500
259213
718072
123315
278450
546643
363901
248372
125473
422635
300092
359420
90874
153088
304057
194299
339116
426351
544764
106466
234776
159820
342734
315804
550474
359965
80566
972319
154878
1638433
550667
213613
136053
354545
337822
168366
600474
480526
206941
311547
829015
251336
205919
597492
208790
334598
1644986
498250
614178
1225038
262354
137583
1027093
93642
156101
370699
325468
253305
161075
603345
203748
1447984
2206250
371012
443599
2555027
258947
287136
351406
150843
350118
618764
868898
135355
304904
158781
342036
159549
383458
1716053
240369
198640
311490
190822
604606
243623
402462
313217
200949
305899
102421
1390896
131132
298873
196743
343098
616215
773476
861605
94114
2081343
156613
611280
201094
646196
444489
62971
316009
549594
309215
233488
1145207
397322
139761
610395
101403
337064
363319
414710
92910
604525
557654
395682
251110
364226
137209
368165
602947
103903
335063
155923
351113
756703
622257
90998
414156
251002
193133
991143
133981
349278
140054
258090
311126
90012
140172
613283
121079
287798
87300
142603
1694888
604689
219435
1934404
87594
147814
342707
615783
91054
146691
248750
170526
330826
197092
571323
92863
246627
155575
352475
141122
619248
96955
235216
154996
416694
86512
463417
607934
108783
137675
345235
150223
348767
619139
294377
178464
221373
149913
358609
309785
549326
299763
253129
412551
80764
724637
552297
202845
342002
354578
639602
178192
150469
605491
298740
244661
192508
1318203
329140
558290
200198
149479
306604
85963
155261
153356
402083
95880
239725
149932
263906
134383
614827
197218
422267
305593
286182
200679
157589
507682
341703
96712
444118
1102510
586400
531167
1727439
185504
342191
724425
359020
494435
145774
390949
1938864
197761
580240
199887
245808
163102
350126
299308
85240
533049
172207
249248
153494
426097
80563
609991
306403
161765
122865
149288
655277
153537
600227
110508
259531
139390
413079
88842
612278
96554
1601761
329502
146510
656063
519265
94768
242074
150088
624368
83171
615886
318609
320969
173031
302480
81549
150021
616414
91426
415742
247729
195644
344417
620325
516259
233429
250147
160793
347330
139089
618943
86152
257386
1645376
147027
81342
621042
297129
344694
318444
85099
145055
151892
616242
300955
242212
157170
342289
150649
621293
1383473
84929
592864
221765
340443
622092
97544
148504
238922
148799
358276
411030
559676
296761
559270
145151
623302
185459
616010
294454
249718
151833
718813
85976
619936
291515
150753
186977
121140
148755
343597
619119
84592
260600
153068
299450
97078
607395
295887
349394
190962
110091
143619
350354
621957
213683
230135
193701
202415
1440746
560663
1214570
139023
315366
91259
144871
145612
298911
921771
146136
152315
344785
156264
150478
307354
91244
1645785
183249
318102
548291
287860
251233
151886
345599
163167
612007
466763
83371
145429
310824
88923
146941
615317
306109
175668
120759
144340
347129
351274
619039
297453
247445
320587
187511
352874
154591
249886
353239
571634
222834
349959
624324
455525
906946
348646
1654119
187670
612704
86320
202705
101348
142140
351661
416763
558609
86112
251627
283596
227056
305552
555495
85333
964519
156782
659762
148856
617152
98218
339054
165394
401719
88228
319410
548378
198920
205997
86556
144531
343878
524930
1065692
544992
138850
121806
349204
144907
617316
86315
315585
201015
339136
310120
457766
191722
146541
660751
413053
93122
152987
608276
249957
85679
351851
157388
343863
620972
90676
158780
333136
321607
189275
149366
614654
285512
257554
147872
347371
153909
617178
92918
1517120
306005
624717
187566
619386
802489
669740
141848
312625
187195
148720
357808
140612
179821
223418
654138
152300
620557
203708
638074
152607
662907
147485
621046
194356
615787
250286
192637
348533
148902
549807
162705
249090
722586
81366
312393
474550
71358
211329
90493
145166
343976
155673
617768
558272
90892
144511
727664
84600
149024
453982
254385
350141
150072
343206
161569
613110
877178
193814
402616
657842
86043
619170
88361
317961
193762
399815
93783
144047
349766
976694
241116
152427
310284
663214
541881
205272
193632
100191
157760
348959
617578
283839
676265
147363
412615
84424
134097
1537248
551241
1385552
588849
173629
704847
352183
552433
450491
483984
89685
120162
747764
434425
184190
142970
163210
304837
94577
611056
839299
832792
347452
297421
506252
161190
390587
424009
334935
319498
91501
137714
152755
150037
418144
251184
106149
125661
155347
612307
350045
249862
198592
338650
319080
560431
196372
142042
348792
146844
355491
162318
607469
198454
142897
144107
351025
1691465
615109
190246
960795
151552
346720
157402
211786
82171
451998
321549
94021
154061
132096
213265
558066
281144
160774
345753
314559
92042
267745
332180
652559
321019
191396
145549
618481
88132
312205
88507
154105
301608
90015
149029
416157
279869
155109
350826
314085
561909
246332
87545
314579
85385
153895
144661
621654
81399
275038
138917
302790
84171
621331
561799
188930
343256
1643960
195394
150286
726503
903854
239923
147698
421637
557541
284343
162694
237535
58243
148816
404562
284905
152560
1070364
248493
156369
312104
85791
395182
107414
345509
419931
85866
760613
625489
77777
354176
352920
156002
345941
627059
84251
347405
353512
323964
191097
152539
612284
84216
154962
143441
618044
185046
359507
1083605
503983
248122
184204
731499
77584
359247
757812
352082
319471
87542
165411
129417
149137
309620
96863
412792
78306
161829
713411
220397
146587
160215
308289
161489
145014
344185
360810
345332
336114
209838
219102
611539
299115
141123
1620378
480436
555405
535395
250547
306081
220504
219127
389858
358176
557083
197177
303273
185479
383043
1512185
89662
217197
71003
154584
760192
171454
155777
136803
199349
84378
369229
370150
187176
236851
930759
294088
220437
377935
85823
1857590
90645
299660
500042
374368
591615
1184694
698906
158983
1851362
280365
605682
110274
1675673
170330
318090
620656
1332858
1075989
133421
410621
90575
146760
800562
424735
275785
221668
416215
379890
523002
304138
203702
83833
160776
405660
308585
330681
348201
356774
172117
326621
416578
558897
513563
234684
77692
118806
369168
294802
232623
271754
91778
307762
220111
159392
473609
214368
128101
1257756
156536
727527
556306
97884
310676
188705
315278
182452
616168
204757
243913
357084
143382
325043
1388441
136669
135923
385073
121674
615528
89442
355140
309102
195584
341426
186563
177131
87768
149199
144877
316025
82046
158021
142330
965552
239677
158749
317090
85674
610467
2099053
185968
146714
1373495
163646
246332
241930
365693
279015
226085
146015
136129
251909
368747
133551
349968
315594
147747
148730
188600
311807
200047
606127
111323
389201
356264
384499
358129
312940
97584
404301
95328
303627
94404
432623
801100
603677
152425
283036
651447
158493
347858
151297
217712
176292
380764
324062
350319
425003
100759
397548
289860
191464
116556
322219
185646
398306
250883
94588
257049
424612
334559
184680
516350
255316
181845
344470
739275
384637
400800
1325801
305104
189370
412596
353351
96651
176302
223979
345453
330814
327708
413744
1548029
383785
236999
163620
257296
128253
413663
207797
229992
359324
329329
163674
547885
547287
383607
160547
47761
284708
221478
380332
740068
216851
240723
169324
308331
346758
144941
325865
312557
158727
340380
318747
149953
283434
1852805
232945
278313
175125
617876
204213
504989
86425
148337
363092
169768
1615367
232585
315920
283590
125013
392044
454814
342361
271438
198449
332556
422650
91909
236114
1151516
93186
328822
153803
145367
520479
247710
91999
138630
350322
316077
148288
291275
149345
188322
106928
168458
328476
220165
245066
874707
73094
316325
204174
130558
361084
358757
242111
349284
151299
340534
626173
1615963
373718
401634
118253
187532
91960
280050
199033
356385
417236
122221
1403032
322331
225832
165638
338193
152302
162424
282265
289960
392355
386524
112102
286943
240386
119829
344725
333905
413689
609025
234881
430322
73824
688572
124125
761955
360296
398757
295729
361694
426239
387448
136103
177563
213291
395296
319382
449764
357226
149082
204387
98022
362760
336577
160154
334627
214557
351974
1009080
209072
117618
319469
419138
369828
277752
144394
298051
778022
181153
624300
97891
395991
230388
210403
312343
80365
415035
344326
86097
313182
192414
348906
148224
168949
1424133
81612
144197
360864
721899
95286
234389
350031
315171
209167
335808
158382
138586
155580
340700
156237
340473
161355
517658
307086
339789
138683
621748
193577
175198
146520
248679
325433
347792
421002
84604
422051
287326
167359
131399
354502
304663
86567
533959
68667
353925
418260
91907
1539925
94242
337488
363469
345658
150702
463314
305342
1205604
1377736
319929
1583539
1592204
268057
248848
311527
205191
336700
323336
346829
96470
345208
305404
208429
130486
422029
178046
252655
161133
376016
110235
163240
307007
1098905
153638
412592
85384
351548
424938
88182
337007
317036
190233
357073
143312
1600253
306426
75526
150702
355314
316814
352438
176859
248127
166812
422390
77709
161996
124188
251607
350779
157062
348832
408966
363314
179248
366406
404197
83523
352808
144271
183042
119203
141799
153051
414166
100305
1633551
214205
279902
192393
343558
314918
84923
353709
156948
220966
168694
313160
111526
294268
83268
407530
438576
690525
394443
378402
108725
291223
98333
354773
340395
304618
662549
350769
148107
364788
90920
142027
212463
100099
385817
1584432
554531
145484
558967
147153
148118
1596713
336629
145758
250303
92978
304596
94351
405843
90487
410612
93968
303097
148192
102103
296051
90652
411157
157320
92737
206737
340496
161466
338678
93051
406959
94951
302833
154252
91923
401169
151188
148513
90567
407466
98270
300058
353052
147436
352792
147176
101991
206905
90855
142538
301245
159986
95648
190446
90742
313912
344275
96561
400340
148034
155304
345762
104376
191177
1584144
94895
403037
78622
525628
95391
302144
685428
327018
354289
2707353
92168
349242
309883
94836
178111
98810
309902
108677
300805
93066
304915
93939
304054
97573
403261
147760
93788
304605
91507
302326
91984
305880
148901
353152
146588
154237
139342
266497
362771
326315
96798
302237
152778
347115
101392
399769
91794
306273
150079
98881
297013
93046
136721
316674
152377
94240
298622
95264
303497
101584
398482
92960
137338
317997
91722
305995
99283
298712
151402
150335
347945
90178
213349
96551
294734
100379
296957
99179
299051
114775
193620
340416
101195
296926
90827
305116
352517
359620
93519
298570
93508
132341
216712
93551
305081
151910
143862
372122
607045
185398
90736
305663
159744
442896
93840
303677
92286
306591
92576
306024
155169
140903
152340
348175
150995
150455
348379
352354
353091
90874
305830
95639
133003
523079
393752
413183
91145
410038
151418
94368
128021
532620
145398
92124
329498
151606
320244
93723
128447
631520
634343
249903
157114
343865
352218
455470
357770
349523
100810
605902
349174
659772
1583700
156281
369284
635304
152175
347916
249038
250309
352703
352955
154003
345603
352714
153014
92629
403737
359031
346748
250149
353796
250442
353329
151699
349037
352482
93865
405896
105355
396053
102044
158143
390165
155518
93234
158315
228519
159326
131079
626037
374060
536592
412590
312545
436446
378696
360499
431636
150437
1059703
362180
442455
